Sample	0	1	2	3	4	5	6	7	8	9	10	11	12	13	14	15	16	17	18	19	20	21	22	23	24	25	26	27	28	29	30	31	32	33
qc_output | SRR8668755	(2.0, 9671.0)	(3.0, 0.0)	(4.0, 0.0)	(5.0, 0.0)	(6.0, 0.0)	(7.0, 0.0)	(8.0, 0.0)	(9.0, 0.0)	(10.0, 0.0)	(11.0, 0.0)	(12.0, 8.0)	(13.0, 20.0)	(14.0, 18.0)	(15.0, 45.0)	(16.0, 156.0)	(17.0, 578.0)	(18.0, 1530.0)	(19.0, 3069.0)	(20.0, 7667.0)	(21.0, 23309.0)	(22.0, 59943.0)	(23.0, 128481.0)	(24.0, 253050.0)	(25.0, 454579.0)	(26.0, 755677.0)	(27.0, 1161113.0)	(28.0, 1662995.0)	(29.0, 2255912.0)	(30.0, 2957224.0)	(31.0, 3873206.0)	(32.0, 5326846.0)	(33.0, 8373959.0)	(34.0, 18283517.0)	(35.0, 44328780.0)
qc_output | SRR8668755_filtered	(20.0, 3.0)	(21.0, 8.0)	(22.0, 16.0)	(23.0, 362.0)	(24.0, 18339.0)	(25.0, 250698.0)	(26.0, 697519.0)	(27.0, 1125842.0)	(28.0, 1644529.0)	(29.0, 2251797.0)	(30.0, 2970891.0)	(31.0, 3900522.0)	(32.0, 5366729.0)	(33.0, 8425420.0)	(34.0, 18341133.0)	(35.0, 44387539.0)																		
qc_output | SRR8668756	(2.0, 28954.0)	(3.0, 0.0)	(4.0, 0.0)	(5.0, 0.0)	(6.0, 0.0)	(7.0, 0.0)	(8.0, 0.0)	(9.0, 0.0)	(10.0, 0.0)	(11.0, 1.0)	(12.0, 13.0)	(13.0, 34.0)	(14.0, 7.0)	(15.0, 25.0)	(16.0, 169.0)	(17.0, 1551.0)	(18.0, 4670.0)	(19.0, 8976.0)	(20.0, 23420.0)	(21.0, 64389.0)	(22.0, 147428.0)	(23.0, 284759.0)	(24.0, 502990.0)	(25.0, 847960.0)	(26.0, 1341543.0)	(27.0, 1953375.0)	(28.0, 2676521.0)	(29.0, 3523734.0)	(30.0, 4478565.0)	(31.0, 5600431.0)	(32.0, 7147742.0)	(33.0, 9779830.0)	(34.0, 15626163.0)	(35.0, 30440605.0)
qc_output | SRR8668756_filtered	(20.0, 1.0)	(21.0, 5.0)	(22.0, 27.0)	(23.0, 931.0)	(24.0, 37256.0)	(25.0, 459015.0)	(26.0, 1219969.0)	(27.0, 1897039.0)	(28.0, 2648669.0)	(29.0, 3504881.0)	(30.0, 4475471.0)	(31.0, 5601646.0)	(32.0, 7143164.0)	(33.0, 9746423.0)	(34.0, 15530013.0)	(35.0, 30250880.0)																		
qc_output | SRR8668757	(2.0, 7323.0)	(3.0, 0.0)	(4.0, 0.0)	(5.0, 0.0)	(6.0, 0.0)	(7.0, 0.0)	(8.0, 0.0)	(9.0, 0.0)	(10.0, 0.0)	(11.0, 1.0)	(12.0, 9.0)	(13.0, 16.0)	(14.0, 26.0)	(15.0, 53.0)	(16.0, 190.0)	(17.0, 651.0)	(18.0, 1671.0)	(19.0, 3180.0)	(20.0, 8757.0)	(21.0, 25441.0)	(22.0, 62524.0)	(23.0, 127010.0)	(24.0, 233854.0)	(25.0, 408599.0)	(26.0, 671393.0)	(27.0, 1032841.0)	(28.0, 1482048.0)	(29.0, 2014425.0)	(30.0, 2651986.0)	(31.0, 3479922.0)	(32.0, 4804770.0)	(33.0, 7617255.0)	(34.0, 17354894.0)	(35.0, 53121320.0)
qc_output | SRR8668757_filtered	(19.0, 1.0)	(20.0, 4.0)	(21.0, 19.0)	(22.0, 46.0)	(23.0, 477.0)	(24.0, 16972.0)	(25.0, 218721.0)	(26.0, 612435.0)	(27.0, 997446.0)	(28.0, 1464736.0)	(29.0, 2012641.0)	(30.0, 2665353.0)	(31.0, 3505253.0)	(32.0, 4840358.0)	(33.0, 7662308.0)	(34.0, 17407090.0)	(35.0, 53197035.0)	(36.0, 2.0)																
qc_output | SRR8668758	(2.0, 47509.0)	(3.0, 0.0)	(4.0, 0.0)	(5.0, 0.0)	(6.0, 0.0)	(7.0, 0.0)	(8.0, 0.0)	(9.0, 0.0)	(10.0, 0.0)	(11.0, 0.0)	(12.0, 5.0)	(13.0, 7.0)	(14.0, 0.0)	(15.0, 23.0)	(16.0, 531.0)	(17.0, 5362.0)	(18.0, 17100.0)	(19.0, 24726.0)	(20.0, 31778.0)	(21.0, 53996.0)	(22.0, 101693.0)	(23.0, 180570.0)	(24.0, 298506.0)	(25.0, 469109.0)	(26.0, 700155.0)	(27.0, 987592.0)	(28.0, 1298489.0)	(29.0, 1626762.0)	(30.0, 1990864.0)	(31.0, 2420223.0)	(32.0, 2994676.0)	(33.0, 3894576.0)	(34.0, 5625648.0)	(35.0, 7391679.0)
qc_output | SRR8668758_filtered	(20.0, 1.0)	(21.0, 6.0)	(22.0, 14.0)	(23.0, 484.0)	(24.0, 19021.0)	(25.0, 238016.0)	(26.0, 628559.0)	(27.0, 942858.0)	(28.0, 1288203.0)	(29.0, 1648069.0)	(30.0, 2020080.0)	(31.0, 2441559.0)	(32.0, 3003218.0)	(33.0, 3889571.0)	(34.0, 5608828.0)	(35.0, 7368860.0)																		
qc_output | SRR8668759	(2.0, 32552.0)	(3.0, 0.0)	(4.0, 0.0)	(5.0, 0.0)	(6.0, 0.0)	(7.0, 0.0)	(8.0, 0.0)	(9.0, 0.0)	(10.0, 0.0)	(11.0, 0.0)	(12.0, 3.0)	(13.0, 2.0)	(14.0, 0.0)	(15.0, 53.0)	(16.0, 1076.0)	(17.0, 11471.0)	(18.0, 34228.0)	(19.0, 43918.0)	(20.0, 37380.0)	(21.0, 33508.0)	(22.0, 45663.0)	(23.0, 67734.0)	(24.0, 96204.0)	(25.0, 133863.0)	(26.0, 187076.0)	(27.0, 179370.0)	(28.0, 187945.0)	(29.0, 248300.0)	(30.0, 271590.0)	(31.0, 303098.0)	(32.0, 348221.0)	(33.0, 444378.0)	(34.0, 743231.0)	(35.0, 1872938.0)
qc_output | SRR8668759_filtered	(20.0, 3.0)	(21.0, 10.0)	(22.0, 42.0)	(23.0, 102.0)	(24.0, 2538.0)	(25.0, 29702.0)	(26.0, 76257.0)	(27.0, 108275.0)	(28.0, 140665.0)	(29.0, 177118.0)	(30.0, 214154.0)	(31.0, 258557.0)	(32.0, 322549.0)	(33.0, 438084.0)	(34.0, 744638.0)	(35.0, 1871605.0)																		
qc_output | SRR8668769	(2.0, 8771.0)	(3.0, 0.0)	(4.0, 0.0)	(5.0, 0.0)	(6.0, 0.0)	(7.0, 0.0)	(8.0, 0.0)	(9.0, 0.0)	(10.0, 0.0)	(11.0, 0.0)	(12.0, 0.0)	(13.0, 0.0)	(14.0, 1.0)	(15.0, 7.0)	(16.0, 133.0)	(17.0, 985.0)	(18.0, 2508.0)	(19.0, 4032.0)	(20.0, 9621.0)	(21.0, 28276.0)	(22.0, 67368.0)	(23.0, 128766.0)	(24.0, 218765.0)	(25.0, 358097.0)	(26.0, 567045.0)	(27.0, 855096.0)	(28.0, 1216406.0)	(29.0, 1654377.0)	(30.0, 2180150.0)	(31.0, 2886944.0)	(32.0, 4039649.0)	(33.0, 6559091.0)	(34.0, 15793796.0)	(35.0, 57671648.0)
qc_output | SRR8668769_filtered	(20.0, 4.0)	(21.0, 14.0)	(22.0, 28.0)	(23.0, 393.0)	(24.0, 17154.0)	(25.0, 200785.0)	(26.0, 523526.0)	(27.0, 830956.0)	(28.0, 1202751.0)	(29.0, 1653907.0)	(30.0, 2190377.0)	(31.0, 2905329.0)	(32.0, 4064731.0)	(33.0, 6590181.0)	(34.0, 15845409.0)	(35.0, 57725682.0)	(36.0, 2.0)																	
qc_output | SRR8668771	(2.0, 4983.0)	(3.0, 0.0)	(4.0, 0.0)	(5.0, 0.0)	(6.0, 0.0)	(7.0, 0.0)	(8.0, 0.0)	(9.0, 0.0)	(10.0, 0.0)	(11.0, 0.0)	(12.0, 0.0)	(13.0, 0.0)	(14.0, 0.0)	(15.0, 6.0)	(16.0, 64.0)	(17.0, 450.0)	(18.0, 1017.0)	(19.0, 1991.0)	(20.0, 4912.0)	(21.0, 14291.0)	(22.0, 34788.0)	(23.0, 71156.0)	(24.0, 130703.0)	(25.0, 226256.0)	(26.0, 370321.0)	(27.0, 568131.0)	(28.0, 817342.0)	(29.0, 1118335.0)	(30.0, 1481357.0)	(31.0, 1965793.0)	(32.0, 2757689.0)	(33.0, 4482112.0)	(34.0, 10957776.0)	(35.0, 39427064.0)
qc_output | SRR8668771_filtered	(20.0, 1.0)	(21.0, 3.0)	(22.0, 11.0)	(23.0, 175.0)	(24.0, 8883.0)	(25.0, 120413.0)	(26.0, 338551.0)	(27.0, 551126.0)	(28.0, 806842.0)	(29.0, 1117906.0)	(30.0, 1486588.0)	(31.0, 1978214.0)	(32.0, 2777153.0)	(33.0, 4508192.0)	(34.0, 10992344.0)	(35.0, 39464867.0)																		
qc_output | SRR8668772	(2.0, 7411.0)	(3.0, 0.0)	(4.0, 0.0)	(5.0, 0.0)	(6.0, 0.0)	(7.0, 0.0)	(8.0, 0.0)	(9.0, 0.0)	(10.0, 0.0)	(11.0, 0.0)	(12.0, 0.0)	(13.0, 0.0)	(14.0, 0.0)	(15.0, 6.0)	(16.0, 114.0)	(17.0, 689.0)	(18.0, 2093.0)	(19.0, 4076.0)	(20.0, 9849.0)	(21.0, 28154.0)	(22.0, 63345.0)	(23.0, 110827.0)	(24.0, 168848.0)	(25.0, 254227.0)	(26.0, 383036.0)	(27.0, 569132.0)	(28.0, 806146.0)	(29.0, 1093643.0)	(30.0, 1440378.0)	(31.0, 1906886.0)	(32.0, 2667323.0)	(33.0, 4306348.0)	(34.0, 10447313.0)	(35.0, 43910062.0)
qc_output | SRR8668772_filtered	(19.0, 1.0)	(20.0, 1.0)	(21.0, 4.0)	(22.0, 21.0)	(23.0, 388.0)	(24.0, 13945.0)	(25.0, 139389.0)	(26.0, 351778.0)	(27.0, 551662.0)	(28.0, 794768.0)	(29.0, 1091182.0)	(30.0, 1445431.0)	(31.0, 1919593.0)	(32.0, 2688414.0)	(33.0, 4333081.0)	(34.0, 10481195.0)	(35.0, 43958101.0)	(36.0, 1.0)																
qc_output | SRR8668773	(2.0, 7751.0)	(3.0, 0.0)	(4.0, 0.0)	(5.0, 0.0)	(6.0, 0.0)	(7.0, 0.0)	(8.0, 0.0)	(9.0, 0.0)	(10.0, 0.0)	(11.0, 0.0)	(12.0, 0.0)	(13.0, 0.0)	(14.0, 1.0)	(15.0, 5.0)	(16.0, 103.0)	(17.0, 687.0)	(18.0, 2097.0)	(19.0, 4055.0)	(20.0, 9997.0)	(21.0, 29777.0)	(22.0, 67533.0)	(23.0, 115941.0)	(24.0, 172570.0)	(25.0, 254767.0)	(26.0, 386438.0)	(27.0, 577219.0)	(28.0, 819083.0)	(29.0, 1104243.0)	(30.0, 1453788.0)	(31.0, 1919188.0)	(32.0, 2669065.0)	(33.0, 4290573.0)	(34.0, 10452828.0)	(35.0, 45642414.0)
qc_output | SRR8668773_filtered	(21.0, 2.0)	(22.0, 16.0)	(23.0, 434.0)	(24.0, 14572.0)	(25.0, 141301.0)	(26.0, 355176.0)	(27.0, 560119.0)	(28.0, 809653.0)	(29.0, 1104115.0)	(30.0, 1461340.0)	(31.0, 1932509.0)	(32.0, 2688831.0)	(33.0, 4314730.0)	(34.0, 10481871.0)	(35.0, 45686623.0)	(36.0, 1.0)																		
qc_output | SRR8668774	(2.0, 130722.0)	(3.0, 0.0)	(4.0, 0.0)	(5.0, 0.0)	(6.0, 0.0)	(7.0, 0.0)	(8.0, 0.0)	(9.0, 0.0)	(10.0, 0.0)	(11.0, 4.0)	(12.0, 29.0)	(13.0, 58.0)	(14.0, 25.0)	(15.0, 55.0)	(16.0, 590.0)	(17.0, 4069.0)	(18.0, 12050.0)	(19.0, 18990.0)	(20.0, 37922.0)	(21.0, 94494.0)	(22.0, 209674.0)	(23.0, 398373.0)	(24.0, 704110.0)	(25.0, 1174704.0)	(26.0, 1843602.0)	(27.0, 2714627.0)	(28.0, 3747926.0)	(29.0, 4906698.0)	(30.0, 6184043.0)	(31.0, 7695900.0)	(32.0, 9804098.0)	(33.0, 13533861.0)	(34.0, 22861670.0)	(35.0, 57309640.0)
qc_output | SRR8668774_filtered	(20.0, 5.0)	(21.0, 34.0)	(22.0, 67.0)	(23.0, 1238.0)	(24.0, 52381.0)	(25.0, 648091.0)	(26.0, 1694142.0)	(27.0, 2607193.0)	(28.0, 3671513.0)	(29.0, 4866334.0)	(30.0, 6172559.0)	(31.0, 7703092.0)	(32.0, 9805529.0)	(33.0, 13469175.0)	(34.0, 22680783.0)	(35.0, 56911822.0)																		
