Sample	0	1	2	3	4	5	6	7	8	9	10	11	12	13	14	15	16	17	18	19	20	21	22	23	24	25	26	27	28	29	30	31	32	33	34	35	36	37	38	39	40
qc_output | SRR8668755	(35, 10876.0)	(36, 1330.0)	(37, 1492.0)	(38, 1726.0)	(39, 2032.0)	(40, 2320.0)	(41, 2809.0)	(42, 3112.0)	(43, 3165.0)	(44, 3300.0)	(45, 3673.0)	(46, 4080.0)	(47, 4735.0)	(48, 5954.0)	(49, 6659.0)	(50, 7632.0)	(51, 8559.0)	(52, 9629.0)	(53, 10226.0)	(54, 11305.0)	(55, 11800.0)	(56, 14212.0)	(57, 15250.0)	(58, 17851.0)	(59, 21130.0)	(60, 23179.0)	(61, 25319.0)	(62, 29565.0)	(63, 31416.0)	(64, 35255.0)	(65, 38343.0)	(66, 38974.0)	(67, 44032.0)	(68, 48966.0)	(69, 63783.0)	(70, 132949.0)	(71, 447617.0)	(72, 1628497.0)	(73, 5654526.0)	(74, 20106076.0)	(75, 61387999.0)
qc_output | SRR8668755_filtered	(24, 543.0)	(26, 1209.0)	(28, 1386.0)	(30, 1617.0)	(32, 1840.0)	(34, 3211.0)	(36, 5027.0)	(38, 6291.0)	(40, 8106.0)	(42, 9524.0)	(44, 10843.0)	(46, 13539.0)	(48, 18413.0)	(50, 23314.0)	(52, 29143.0)	(54, 34736.0)	(56, 44799.0)	(58, 60030.0)	(60, 78509.0)	(62, 108959.0)	(64, 166990.0)	(66, 262263.0)	(68, 566287.0)	(70, 1495260.0)	(72, 7145945.0)	(74, 79283563.0)															
qc_output | SRR8668756	(35, 33777.0)	(36, 5257.0)	(37, 6027.0)	(38, 6854.0)	(39, 8153.0)	(40, 9157.0)	(41, 10883.0)	(42, 11651.0)	(43, 12040.0)	(44, 11952.0)	(45, 13260.0)	(46, 15062.0)	(47, 18341.0)	(48, 21580.0)	(49, 24282.0)	(50, 27199.0)	(51, 29285.0)	(52, 30784.0)	(53, 31842.0)	(54, 33829.0)	(55, 35531.0)	(56, 38200.0)	(57, 42847.0)	(58, 48680.0)	(59, 55527.0)	(60, 60917.0)	(61, 67007.0)	(62, 73900.0)	(63, 77883.0)	(64, 84802.0)	(65, 92499.0)	(66, 94406.0)	(67, 101324.0)	(68, 110313.0)	(69, 123126.0)	(70, 200133.0)	(71, 453903.0)	(72, 1597128.0)	(73, 5689939.0)	(74, 19643871.0)	(75, 55430704.0)
qc_output | SRR8668756_filtered	(24, 5250.0)	(26, 30585.0)	(28, 51357.0)	(30, 14400.0)	(32, 4294.0)	(34, 9334.0)	(36, 22904.0)	(38, 29959.0)	(40, 29393.0)	(42, 35380.0)	(44, 61939.0)	(46, 84021.0)	(48, 144679.0)	(50, 185195.0)	(52, 84568.0)	(54, 101198.0)	(56, 117096.0)	(58, 142334.0)	(60, 247513.0)	(62, 344218.0)	(64, 492423.0)	(66, 974670.0)	(68, 1311681.0)	(70, 2217794.0)	(72, 6964781.0)	(74, 68808424.0)															
qc_output | SRR8668757	(35, 8175.0)	(36, 917.0)	(37, 1112.0)	(38, 1200.0)	(39, 1459.0)	(40, 1686.0)	(41, 2024.0)	(42, 2189.0)	(43, 2283.0)	(44, 2369.0)	(45, 2729.0)	(46, 3005.0)	(47, 3820.0)	(48, 4433.0)	(49, 5076.0)	(50, 5943.0)	(51, 6830.0)	(52, 7389.0)	(53, 7705.0)	(54, 8759.0)	(55, 9143.0)	(56, 10809.0)	(57, 12221.0)	(58, 13800.0)	(59, 16946.0)	(60, 18599.0)	(61, 20367.0)	(62, 23888.0)	(63, 25140.0)	(64, 28531.0)	(65, 31338.0)	(66, 32999.0)	(67, 36893.0)	(68, 41423.0)	(69, 51305.0)	(70, 130131.0)	(71, 445604.0)	(72, 1802020.0)	(73, 6293794.0)	(74, 22874426.0)	(75, 63111679.0)
qc_output | SRR8668757_filtered	(24, 723.0)	(26, 1588.0)	(28, 1881.0)	(30, 2187.0)	(32, 2473.0)	(34, 3617.0)	(36, 5018.0)	(38, 6059.0)	(40, 7486.0)	(42, 8652.0)	(44, 10149.0)	(46, 12631.0)	(48, 16841.0)	(50, 21893.0)	(52, 26626.0)	(54, 31945.0)	(56, 41083.0)	(58, 54689.0)	(60, 72423.0)	(62, 99935.0)	(64, 153431.0)	(66, 242315.0)	(68, 508845.0)	(70, 1383153.0)	(72, 7960135.0)	(74, 83925119.0)															
qc_output | SRR8668758	(35, 55493.0)	(36, 9145.0)	(37, 10342.0)	(38, 12420.0)	(39, 14849.0)	(40, 17277.0)	(41, 20512.0)	(42, 21937.0)	(43, 22759.0)	(44, 24235.0)	(45, 27663.0)	(46, 31868.0)	(47, 39648.0)	(48, 47727.0)	(49, 54273.0)	(50, 62768.0)	(51, 69641.0)	(52, 75142.0)	(53, 79592.0)	(54, 87193.0)	(55, 93066.0)	(56, 101137.0)	(57, 112881.0)	(58, 129682.0)	(59, 148325.0)	(60, 161548.0)	(61, 174985.0)	(62, 191274.0)	(63, 199194.0)	(64, 212732.0)	(65, 223177.0)	(66, 216678.0)	(67, 227716.0)	(68, 237118.0)	(69, 248335.0)	(70, 274096.0)	(71, 359845.0)	(72, 751333.0)	(73, 1964394.0)	(74, 6083192.0)	(75, 17266387.0)
qc_output | SRR8668758_filtered	(24, 1722.0)	(26, 9292.0)	(28, 14469.0)	(30, 4806.0)	(32, 3103.0)	(34, 11212.0)	(36, 24724.0)	(38, 34191.0)	(40, 43518.0)	(42, 52106.0)	(44, 69016.0)	(46, 93307.0)	(48, 143874.0)	(50, 181069.0)	(52, 167717.0)	(54, 195789.0)	(56, 233195.0)	(58, 297488.0)	(60, 381900.0)	(62, 461842.0)	(64, 550311.0)	(66, 736967.0)	(68, 1057283.0)	(70, 1267233.0)	(72, 2482074.0)	(74, 20579139.0)															
qc_output | SRR8668759	(35, 36653.0)	(36, 4406.0)	(37, 5052.0)	(38, 5428.0)	(39, 6096.0)	(40, 6937.0)	(41, 7505.0)	(42, 7634.0)	(43, 7318.0)	(44, 7069.0)	(45, 7371.0)	(46, 7862.0)	(47, 9090.0)	(48, 10192.0)	(49, 11075.0)	(50, 12243.0)	(51, 13127.0)	(52, 12919.0)	(53, 13537.0)	(54, 13490.0)	(55, 13822.0)	(56, 13654.0)	(57, 15209.0)	(58, 16410.0)	(59, 18166.0)	(60, 19299.0)	(61, 20445.0)	(62, 21464.0)	(63, 22012.0)	(64, 23617.0)	(65, 23580.0)	(66, 22628.0)	(67, 24021.0)	(68, 25619.0)	(69, 27031.0)	(70, 31507.0)	(71, 43747.0)	(72, 112337.0)	(73, 404988.0)	(74, 947110.0)	(75, 3272132.0)
qc_output | SRR8668759_filtered	(24, 199.0)	(26, 583.0)	(28, 688.0)	(30, 964.0)	(32, 1257.0)	(34, 5477.0)	(36, 10961.0)	(38, 13428.0)	(40, 16590.0)	(42, 17374.0)	(44, 17113.0)	(46, 19887.0)	(48, 24671.0)	(50, 29364.0)	(52, 30419.0)	(54, 31487.0)	(56, 33970.0)	(58, 40652.0)	(60, 46363.0)	(62, 51699.0)	(64, 59445.0)	(66, 66384.0)	(68, 94832.0)	(70, 147960.0)	(72, 359746.0)	(74, 3262786.0)															
qc_output | SRR8668769	(35, 9979.0)	(36, 1276.0)	(37, 1544.0)	(38, 1745.0)	(39, 2151.0)	(40, 2532.0)	(41, 2964.0)	(42, 3327.0)	(43, 3419.0)	(44, 3480.0)	(45, 3911.0)	(46, 4379.0)	(47, 5185.0)	(48, 6202.0)	(49, 7112.0)	(50, 8317.0)	(51, 9193.0)	(52, 9835.0)	(53, 10799.0)	(54, 11480.0)	(55, 12349.0)	(56, 13690.0)	(57, 15027.0)	(58, 17272.0)	(59, 19976.0)	(60, 22294.0)	(61, 26029.0)	(62, 29003.0)	(63, 32388.0)	(64, 37070.0)	(65, 40425.0)	(66, 43845.0)	(67, 47458.0)	(68, 54656.0)	(69, 65129.0)	(70, 141541.0)	(71, 358318.0)	(72, 1511287.0)	(73, 6411316.0)	(74, 19447981.0)	(75, 65795648.0)
qc_output | SRR8668769_filtered	(24, 486.0)	(26, 1189.0)	(28, 1348.0)	(30, 1587.0)	(32, 1747.0)	(34, 3048.0)	(36, 4834.0)	(38, 6412.0)	(40, 8315.0)	(42, 9726.0)	(44, 10862.0)	(46, 13757.0)	(48, 18490.0)	(50, 24066.0)	(52, 28263.0)	(54, 33630.0)	(56, 41629.0)	(58, 55185.0)	(60, 74441.0)	(62, 101221.0)	(64, 153072.0)	(66, 224398.0)	(68, 457028.0)	(70, 1200995.0)	(72, 7807581.0)	(74, 83467919.0)															
qc_output | SRR8668771	(35, 5609.0)	(36, 677.0)	(37, 855.0)	(38, 984.0)	(39, 1185.0)	(40, 1333.0)	(41, 1652.0)	(42, 1693.0)	(43, 1740.0)	(44, 1829.0)	(45, 1902.0)	(46, 2331.0)	(47, 2631.0)	(48, 3239.0)	(49, 3716.0)	(50, 4110.0)	(51, 4536.0)	(52, 4978.0)	(53, 5233.0)	(54, 5819.0)	(55, 6065.0)	(56, 6871.0)	(57, 7499.0)	(58, 8614.0)	(59, 10263.0)	(60, 11206.0)	(61, 12398.0)	(62, 14182.0)	(63, 15168.0)	(64, 17504.0)	(65, 18949.0)	(66, 19685.0)	(67, 22208.0)	(68, 24613.0)	(69, 34547.0)	(70, 83388.0)	(71, 294650.0)	(72, 1126665.0)	(73, 4168582.0)	(74, 14062446.0)	(75, 44414982.0)
qc_output | SRR8668771_filtered	(24, 380.0)	(26, 824.0)	(28, 1009.0)	(30, 1055.0)	(32, 1240.0)	(34, 2005.0)	(36, 2988.0)	(38, 3885.0)	(40, 4873.0)	(42, 5610.0)	(44, 6175.0)	(46, 7989.0)	(48, 10659.0)	(50, 13401.0)	(52, 15809.0)	(54, 19207.0)	(56, 24163.0)	(58, 32131.0)	(60, 43020.0)	(62, 58107.0)	(64, 90106.0)	(66, 140584.0)	(68, 288727.0)	(70, 835436.0)	(72, 5223782.0)	(74, 57318104.0)															
qc_output | SRR8668772	(35, 8411.0)	(36, 1121.0)	(37, 1274.0)	(38, 1475.0)	(39, 1616.0)	(40, 1989.0)	(41, 2308.0)	(42, 2464.0)	(43, 2460.0)	(44, 2676.0)	(45, 3007.0)	(46, 3212.0)	(47, 4206.0)	(48, 4833.0)	(49, 5418.0)	(50, 6392.0)	(51, 6772.0)	(52, 7032.0)	(53, 7886.0)	(54, 8339.0)	(55, 8990.0)	(56, 9703.0)	(57, 11247.0)	(58, 12988.0)	(59, 14673.0)	(60, 16769.0)	(61, 19079.0)	(62, 21063.0)	(63, 23171.0)	(64, 25864.0)	(65, 28382.0)	(66, 30313.0)	(67, 33228.0)	(68, 37564.0)	(69, 44824.0)	(70, 98216.0)	(71, 279902.0)	(72, 1217333.0)	(73, 4609255.0)	(74, 15725513.0)	(75, 45828938.0)
qc_output | SRR8668772_filtered	(24, 428.0)	(26, 1144.0)	(28, 1298.0)	(30, 1383.0)	(32, 1512.0)	(34, 2803.0)	(36, 4179.0)	(38, 5251.0)	(40, 6787.0)	(42, 7708.0)	(44, 8676.0)	(46, 11237.0)	(48, 14940.0)	(50, 19021.0)	(52, 21986.0)	(54, 26515.0)	(56, 32688.0)	(58, 43315.0)	(60, 58629.0)	(62, 77643.0)	(64, 113757.0)	(66, 165751.0)	(68, 324540.0)	(70, 840708.0)	(72, 5739731.0)	(74, 60237325.0)															
qc_output | SRR8668773	(35, 8700.0)	(36, 1091.0)	(37, 1245.0)	(38, 1469.0)	(39, 1597.0)	(40, 2049.0)	(41, 2241.0)	(42, 2559.0)	(43, 2637.0)	(44, 2773.0)	(45, 2983.0)	(46, 3516.0)	(47, 4284.0)	(48, 5069.0)	(49, 5701.0)	(50, 6845.0)	(51, 7489.0)	(52, 7846.0)	(53, 8704.0)	(54, 9232.0)	(55, 10021.0)	(56, 11186.0)	(57, 12340.0)	(58, 13925.0)	(59, 16384.0)	(60, 18199.0)	(61, 21058.0)	(62, 23783.0)	(63, 25604.0)	(64, 29437.0)	(65, 32156.0)	(66, 34520.0)	(67, 37647.0)	(68, 42272.0)	(69, 50773.0)	(70, 106160.0)	(71, 295860.0)	(72, 1242702.0)	(73, 4842564.0)	(74, 15761834.0)	(75, 47263668.0)
qc_output | SRR8668773_filtered	(24, 371.0)	(26, 888.0)	(28, 1125.0)	(30, 1222.0)	(32, 1450.0)	(34, 2470.0)	(36, 4017.0)	(38, 4969.0)	(40, 6620.0)	(42, 7543.0)	(44, 8651.0)	(46, 11242.0)	(48, 15142.0)	(50, 19820.0)	(52, 22977.0)	(54, 27927.0)	(56, 34434.0)	(58, 44831.0)	(60, 59609.0)	(62, 80400.0)	(64, 117822.0)	(66, 169915.0)	(68, 324356.0)	(70, 844092.0)	(72, 5996240.0)	(74, 61743160.0)															
qc_output | SRR8668774	(35, 152364.0)	(36, 24604.0)	(37, 26801.0)	(38, 31506.0)	(39, 35962.0)	(40, 41045.0)	(41, 46901.0)	(42, 49525.0)	(43, 51202.0)	(44, 53316.0)	(45, 58446.0)	(46, 65522.0)	(47, 75608.0)	(48, 86095.0)	(49, 95690.0)	(50, 105020.0)	(51, 113717.0)	(52, 121413.0)	(53, 128067.0)	(54, 139751.0)	(55, 143932.0)	(56, 160831.0)	(57, 170994.0)	(58, 192572.0)	(59, 217420.0)	(60, 234694.0)	(61, 250877.0)	(62, 276935.0)	(63, 293454.0)	(64, 317679.0)	(65, 341903.0)	(66, 341387.0)	(67, 373375.0)	(68, 391400.0)	(69, 422559.0)	(70, 546070.0)	(71, 950110.0)	(72, 2799040.0)	(73, 8768657.0)	(74, 29821716.0)	(75, 84869774.0)
qc_output | SRR8668774_filtered	(24, 16524.0)	(26, 11722.0)	(28, 55558.0)	(30, 76242.0)	(32, 19637.0)	(34, 28768.0)	(36, 57984.0)	(38, 84322.0)	(40, 110672.0)	(42, 115071.0)	(44, 135607.0)	(46, 226940.0)	(48, 276137.0)	(50, 470621.0)	(52, 491193.0)	(54, 321851.0)	(56, 392700.0)	(58, 483773.0)	(60, 560446.0)	(62, 792295.0)	(64, 1108682.0)	(66, 1480442.0)	(68, 2788389.0)	(70, 3834869.0)	(72, 11098685.0)	(74, 105244828.0)															
